0.366127 -1.87549 -0.0639804 935.733 615.099
0.409288 -1.86558 -0.0646994 895.573 605.378
0.437114 -1.85741 -0.0575354 872.76 600.974
0.450181 -1.85344 -0.057446 867.192 599.804
0.482243 -1.8417 -0.0547533 830.722 595.688
0.501016 -1.83701 -0.0539439 815.275 590.805
0.509071 -1.83414 -0.0536198 811.215 588.387
0.512444 -1.82854 -0.0427806 810.795 572.934
0.499812 -1.83169 -0.0408569 824.031 573.075
0.493725 -1.83373 -0.0413861 827.001 573.297
0.461921 -1.84061 -0.0400473 869.239 572.4
0.431936 -1.84204 -0.0377487 890.212 569.49
0.390751 -1.84211 -0.0353464 922.914 567.206
0.346475 -1.84154 -0.037541 957.537 569.784
0.325503 -1.84086 -0.040053 966.094 571.321
0.237069 -1.83628 -0.0420551 1035.94 574.032
0.223743 -1.83236 -0.0416114 1042.16 573.238
0.194918 -1.82887 -0.0424534 1079.21 570.218
0.156776 -1.82695 -0.0439392 1096.12 572.061
0.146703 -1.82902 -0.0463732 1100.63 577.593
0.167579 -1.83195 -0.0480208 1089.19 582.948
0.191794 -1.83412 -0.0481128 1070.02 584.113
0.206584 -1.83738 -0.0482145 1064.44 584.476
0.232742 -1.8395 -0.049468 1025.44 581.975
0.269177 -1.84311 -0.0426576 1008.11 578.037
0.29136 -1.8458 -0.0436242 985.082 579.876
0.316651 -1.84659 -0.0436581 969.922 580.295
0.339376 -1.8481 -0.0425286 946.839 578.052
0.357512 -1.84774 -0.041964 936.102 575.711
0.377685 -1.84733 -0.0415285 915.794 575.714
0.38774 -1.84875 -0.0417899 911.211 575.203
0.422548 -1.85246 -0.0382067 882.523 575.221
0.440768 -1.85159 -0.0389625 867.447 572.815
0.449026 -1.8473 -0.037791 863.192 571.089
0.48318 -1.83515 -0.0305802 827.308 558.894
0.511296 -1.83366 -0.0305588 807.333 559.068
0.520854 -1.83257 -0.0304185 802.734 559.209
0.537585 -1.82899 -0.0337523 791.689 560.157
0.530654 -1.82543 -0.0342899 798.798 562.151
0.525178 -1.82447 -0.0352173 801.87 562.878
0.256465 -1.88458 -0.0710752 1025.91 622.819
0.272857 -1.88596 -0.0760757 1007.22 624.011
0.283916 -1.88591 -0.0695152 1003.01 623.911
0.306505 -1.88345 -0.0677938 971.249 616.824
0.329819 -1.88016 -0.0647115 958.454 615.778
0.342674 -1.87895 -0.0647944 954.14 615.568
0.380049 -1.87334 -0.065343 917.848 611.695
0.409288 -1.86558 -0.0646994 895.573 605.378
0.424121 -1.86134 -0.0603634 889.755 603.763
0.458545 -1.8487 -0.0564237 844.833 597.09
0.482243 -1.8417 -0.0547533 830.722 595.688
0.492808 -1.83854 -0.0544472 826.596 594.628
0.51808 -1.83176 -0.0482309 803.513 580.736
0.512444 -1.82854 -0.0427806 810.795 572.934
0.507067 -1.82998 -0.0410284 813.845 572.126
0.485063 -1.83586 -0.0408125 839.495 573.977
0.461921 -1.84061 -0.0400473 862.431 572.787
0.448984 -1.84092 -0.0399718 869.239 572.4
0.390751 -1.84211 -0.0353464 931.503 567.087
0.346475 -1.84154 -0.037541 957.537 569.784
0.325503 -1.84086 -0.040053 966.094 571.321
0.237069 -1.83628 -0.0420551 1035.94 574.032
0.223743 -1.83236 -0.0416114 1042.16 573.238
0.194918 -1.82887 -0.0424534 1079.21 570.218
0.156776 -1.82695 -0.0439392 1096.12 572.061
0.146703 -1.82902 -0.0463732 1100.63 577.593
0.167579 -1.83195 -0.0480208 1089.19 582.948
0.191794 -1.83412 -0.0481128 1070.02 584.113
0.206584 -1.83738 -0.0482145 1064.44 584.476
0.232742 -1.8395 -0.049468 1025.44 581.975
0.269177 -1.84311 -0.0426576 1008.11 578.037
0.279943 -1.84384 -0.042707 994.386 579.254
0.29136 -1.8458 -0.0436242 989.599 579.434
0.339376 -1.8481 -0.0425286 951.222 578.195
0.349762 -1.84874 -0.0420939 946.839 578.052
0.377685 -1.84733 -0.0415285 920.306 575.709
0.38774 -1.84875 -0.0417899 915.794 575.714
0.422548 -1.85246 -0.0382067 885.854 574.75
0.440768 -1.85159 -0.0389625 867.447 572.815
0.458266 -1.84251 -0.0358028 853.604 567.379
0.48318 -1.83515 -0.0305802 832.852 559.867
0.511296 -1.83366 -0.0305588 807.333 559.068
0.531464 -1.83285 -0.030492 792.778 560.404
0.537585 -1.82899 -0.0337523 791.308 559.928
0.530654 -1.82543 -0.0342899 798.798 562.151
